0.jpg 1 334 995 132
1.png 1 242 987 132
2.png 1 561 1158 103
3.png 1 243 1193 107
4.png 1 622 964 104
5.png 1 331 1238 110
6.png 1 597 335 174
7.png 1 346 1028 132
8.png 1 2926 698 141
9.png 1 849 1140 110
10.png 1 700 430 111
11.png 5 445 469 104 543 968 112 1732 976 112 526 1816 110 462 1810 110
12.png 1 1833 3008 99
13.png 1 2021 1991 103
14.png 1 2052 3076 100
15.png 1 2403 2703 101
16.png 1 2404 2703 100
17.png 1 2456 2620 98
18.png 1 1893 3076 100
19.png 1 2397 2822 99
20.png 1 1832 2939 101
21.png 1 2067 2966 101
22.png 1 1522 1794 225
23.png 1 480 782 109
24.png 1 2296 2656 101
25.png 1 2307 2174 102
26.png 1 2338 2437 101
27.png 1 2182 2550 102
28.png 5 487 997 107 718 1114 93 1745 1837 107 421 1933 93 2315 188 107
29.png 1 1700 3034 99
30.png 1 1879 2854 101
31.png 1 251 2900 101
32.png 1 2157 1720 98
33.png 1 285 2882 100
34.png 1 286 2814 100
35.png 1 1757 3021 101
36.png 1 869 1139 110
37.png 1 1706 2941 102
38.png 1 1779 2867 102
39.png 1 1863 3045 101
40.png 1 289 2750 99
41.png 1 402 2800 99
42.png 1 328 2857 96
43.png 1 1823 3109 101
44.png 1 1835 2655 100
45.png 1 1829 3100 101
46.png 1 1927 2741 101
47.png 1 1890 2628 101
48.png 1 573 361 100
49.png 1 550 319 100
50.png 1 967 2123 99
51.png 1 1136 2360 100
52.png 1 917 2254 100
53.png 1 655 388 99
54.png 1 556 307 98
55.png 1 469 327 99
56.png 1 435 317 101
57.png 1 1490 2758 102
58.png 1 1789 1908 111
59.png 1 1178 1553 131
60.png 1 220 912 129
61.png 2 516 370 115 446 461 119
62.png 1 288 263 111
63.png 1 567 1170 111
64.png 1 1438 696 248
65.png 3 1793 523 171 1517 1291 148 1455 2288 149
66.png 1 1778 2267 169
67.png 1 769 1135 100
68.png 1 576 547 104
69.png 1 895 1137 110
70.png 1 1101 1116 118
71.png 1 1833 410 159
72.png 1 599 579 130
73.png 1 346 989 117
74.png 1 688 975 104
75.png 1 135 777 112
76.png 1 1805 376 158
77.png 1 817 1210 110
78.png 1 450 626 136
79.png 1 428 258 114
80.png 1 428 922 110
81.png 2 430 999 111 525 1814 110
82.png 1 907 1182 100
img6.jpg 1 908 1162 90
prognoz.jpg 1 1611 3360 287 
example.png 1 580 844 62